574460421
574093132
573972154
573972059
573966365
573966249
571431592
571034806
571041145
571041134
571041124
571041115
571040881
571040807
572099398
571046986
571046735
569533078
544169332
436429291
410832517
381389712
567319960
567319958
567319956
567319954
566130431
566130219
541831501
554590720
554587771
554550476
554521644
554515525
566260308
407067873
407067787
407057050
407056955
407056860
406780485
406780398
406780272
307629778
91075696
564017113
564016738
511517441
511517438
545627323
545627180
417355673
558697002
558697000
558696998
558696996
558696994
558696992
558696990
558696988
558696986
558696984
558696982
558696980
558696978
558696976
558902872
410072533
558678113
557791912
529205529
557676765
557676761
557676729
557676725
557676722
557676708
557676704
557676701
557676697
557676693
557676690
557676686
557676682
557676678
557676675
557676671
557676668
557676664
557676661
557676657
557676654
557676650
557676647
557676643
557676639
557676635
557676631
557676628
557676624
557676620
557368453
557042491
557231365
557229649
556579591
556579581
556555179
556555098
556555082
556512360
556512244
556511739
548828260
553837183
553837165
553837146
553837130
553837109
553837053
553837035
532692262
546666743
546666618
546666573
546183924
546183903
546183891
546183869
546183856
546183855
546183844
546183833
546183811
546183750
546183725
546183642
546183617
546183597
545613996
545302880
545302378
301344542
544169563
544169431
544579032
544345556
542675451
543129897
537037993
537037711
537037199
537035926
537034545
537031182
537027373
537026609
537026283
537026260
537025814
537022943
537022342
537021155
532025274
450355649
410609196
410469218
364505726
10955438
532567905
532164364
514058406
531867533
529274300
529274296
529159776
529218535
529218486
529218484
529218334
529218191
529218534
529218477
519767914
519767899
519767895
519767878
519767864
519767861
519767848
519767817
519767766
528524788
528524784
528524781
528524776
528524772
528524769
528524766
528524762
506971046
226200948
219586047
218692794
84060731
73853177
481066908
10955350
6009376
525331531
10955266
10955262
523582591
523582585
525342133
335334918
222104788
514419625
514419611
410610294
410480052
410108969
410108965
407484805
407471876
387610385
387604868
336053193
332157607
310286349
307950758
149930749
386617342
515794472
471180396
471180390
471180386
471180383
471180381
471180378
471180374
471180372
471180369
471180367
471180363
471180360
471180358
471180354
471180348
471180344
471180339
471180335
471180332
471180330
471180328
512772571
511517429
408537036
395805667
395805665
410609888
410593149
410469220
410108971
387615190
386602509
348589192
511093513
480529812
451344623
435855480
435855320
429339486
410610327
410610325
410610313
410610306
410610304
410610299
410610291
410610140
410610099
410610014
410609823
410609808
410609704
410609615
410609613
410609611
410609609
410609563
410609552
410609547
410609539
410609528
410609523
410609514
410609509
410609503
410609404
410609305
410609297
410609294
410609165
410609163
410609161
410609156
410609095
410593577
410593534
410593484
410593438
410593337
410593098
410592925
410592776
410592492
410592482
410592384
410488804
410488803
410488801
410488800
410488726
410485110
410480049
410475455
410475454
410469217
410108968
410108967
410108966
407484773
407484675
407471978
387885599
387873357
387615182
387615175
387610311
387504924
387504844
387504828
387504721
387504713
386707622
386707609
386703202
386637348
386627436
386627431
386622393
386622390
386617281
386612081
386611993
386611903
386611788
386607294
378715377
378715370
342162630
317054589
305667788
302651671
302595465
302595338
302595284
302035313
299836120
298206535
298206425
298155810
298111016
291285839
288551643
284000133
281485108
281427817
270312296
268507159
268318460
260871126
260763802
260752012
260751930
260751919
260751908
260751835
260751828
260718930
256855249
256367708
256367628
256367532
254667448
253800975
242348096
242347931
237809907
237640188
222098966
221630420
221218504
219372367
219372021
218711035
218534477
218511148
218454959
215276192
215274578
211909952
209947788
209921952
209921875
209916829
209916825
209916817
209916806
209395638
209395529
204309817
204309813
204309811
190570387
190570380
190410166
190410160
190014865
188574176
188573899
187736741
170650760
170650756
170650751
170650740
169546410
169302998
165975395
161598463
157418083
157412014
157149574
157149504
157149498
157149429
157149399
157149330
156978327
133756440
133756175
133755324
50233940
366085572
469647768
469647766
469647764
377806728
118480566
116536719
116256190
116256179
116256159
116256156
116256154
116006783
115534260
91206245
83404799
75994447
61965911
58000284
49176951
41056927
41056918
38638184
32470115
32469973
25592039
10955436
10955434
10955253
10955250
9507713
9507398
9507286
9507253
499070017
499070013
494462906
494462905
494462904
494462903
494462902
494462900
494462899
494462898
494462897
494462896
387165738
387165736
448819159
474560630
485185801
474519889
474519818
474519746
474519671
474520626
474520564
474520490
474520426
474520351
474520258
474520181
474520099
474520032
474519981
474519951
474519923
474502839
474502832
474502829
474502820
474502800
474502798
474502794
474502792
474502782
474502777
474502774
474502772
474502762
474502759
474502750
474502747
474502684
474502680
474502677
474502649
433332350
433332317
433332291
433332272
433332252
433332240
433332220
433332177
433332135
433332110
433332065
433332047
433332011
433331971
418306482
418306393
418306290
418306202
418306131
417979398
417947591
417665048
417664962
416784220
224515351
208823299
208817360
208811283
451810087
474502758
474502757
474502749
474502746
474502745
472408870
472408851
472408844
472408771
472408751
472408749
472408740
472408738
472408726
472408725
472408715
472408711
472408697
472408692
472408691
472408683
472408680
472408669
472408666
472408662
472408660
472408653
472408650
472408645
472408640
472408619
472408573
472408564
472408562
472408556
472408547
472408543
472408530
472408473
472408454
472408444
472408436
472408433
472408379
472408369
472408365
407810273
407810268
407810264
401716720
387165732
440630937
409121936
409121934
449331660
449143259
8918823
4680165
144661
399144591
399144542
386118375
439981516
439981485
440575242
358009202
436409465
411342799
407057053
360087627
359359283
432344030
432344022
432344018
432344006
432343998
432343981
432343954
432343950
432343945
432343942
432343934
432343926
432343912
432343888
430829327
293628092
425707218
345105136
416951019
416951015
152577
144307
402228007
317446359
407810284
407316668
407259301
407259298
407259294
407327706
406507780
406368348
406066212
406066210
406066208
406066206
406066204
406066202
406066200
406066198
406066196
406066194
406066192
406066190
406066188
406066186
406066184
406066182
326328194
383394982
383394742
383394729
401884433
401716858
343966407
334084747
374362052
374362044
374362028
374361948
374361841
399228989
399228987
399228984
399228982
399228980
399228977
399228974
399228971
399228969
399228967
399228964
399228962
349741934
349741574
349741228
349741162
384232203
384232201
384232199
384232197
384232195
384232193
384232191
384232189
360087616
396582609
315063834
315063705
396084253
344030761
344030759
344030757
332347800
332346629
332346539
332346451
328551627
305670679
290765712
395805669
312949035
307556638
323381046
323380931
253721152
215252832
352069799
254595800
356598343
223884977
221589217
209162409
209156984
3822114
170522206
170522201
170522190
170522036
99867038
88770133
393193055
393193049
393193044
393193037
188501351
188501074
157081497
157076671
157076665
157076596
157076566
157076497
378554204
374282203
371721881
391883318
391883277
391324348
388482443
378829342
378829299
378829262
325699381
389620956
283148035
389597881
389597877
389597873
389597871
389596928
389596913
389596084
388890592
334546849
374092166
387539156
386799057
385721274
385682457
385682455
385682453
385682451
385682447
385682445
385682443
359359384
323709074
291501731
384402817
384376635
384474818
383505588
383471864
383282220
383282218
383282216
383282214
383282212
383282210
383282208
383282206
323709056
323709052
381351261
381344425
381344361
381344359
381344357
381344355
381344350
381344348
381344346
381344344
381344342
381344340
381344338
346990525
346642177
334363512
358424784
351630201
351630199
351630197
351630195
351630193
351630191
351630189
351630187
351630185
351630183
351630181
351630179
351630177
351630175
351630173
351630171
351630169
351630167
351630165
351630163
351630161
351630159
351630157
351630155
351630153
351630151
351630149
351630147
351630145
351630143
351630141
351630139
351630137
351630135
351630133
351630131
351630129
351630127
351630125
351630123
351630121
351630119
351630117
351630115
334363458
334363454
334363450
380469201
380467993
261086756
261086753
261086750
237770604
220898282
219563181
208969609
206730557
205362236
196166480
56961681
28394461
16357504
1850351
1491846
1491844
1491842
1491840
1491838
1491836
1491834
1491832
1491830
1491828
1491826
1491824
1491822
1491820
1491818
1491816
1491814
400385
294758
148651
144374
377656743
377656741
377656739
378737148
375313996
375313994
375313992
284924582
371927213
371781397
371781309
371781203
370981688
353234058
353234042
353233901
353233769
356472769
355469715
355469710
347976586
312164949
363992202
363992196
359755200
356488496
355398684
306773837
358009200
222160939
2623981
2623978
321271669
321271479
321271363
355122064
355122062
354697174
354697154
354697134
355122070
355122068
355122066
354697171
354697165
354697124
354697179
354697130
354697121
330687083
343491396
343491394
307635344
307635338
307635336
307635332
307635330
307635328
307635326
307635324
307635322
307635320
307635314
307635310
307635308
307635306
307635304
307635300
307635298
307635292
307635290
307635288
307635286
307635282
307635280
307635278
307635276
307635274
307635272
307635268
307635266
307635264
307635260
307635258
307635256
352289623
352289587
350921956
328880014
328802642
345468041
339267826
347550290
323709070
323709067
323709064
323098811
323098808
323098805
346987374
346987275
346456876
346456874
284931872
345645042
344995092
344190937
344179208
344179206
344179204
340730366
305671026
305670853
305670530
310698071
343789232
343790839
343790837
343790835
343790833
343773652
343773650
343773648
342360664
334903414
334903411
327391621
340396443
340396438
340396430
340396416
340396404
340396393
340396383
324122374
307073973
323700877
299929319
337255602
337255599
157838784
330907842
330907761
289721174
325979674
325979672
218931630
313585893
302487923
302487917
326581984
189031533
310780874
325990178
300885298
296537996
296537940
323903311
321496193
318101668
284433120
298716345
315227434
89214482
288872162
257767827
257767705
257767482
257762441
257757293
257757227
154347612
115500638
9971632
299800868
144645
304373548
38147781
38018417
38018416
38018415
29649700
29539621
29539619
29539617
29539616
29539615
29539613
29539611
29169568
28395538
28395536
27763807
27763806
25987946
22001085
21314369
20302878
18656791
17222205
14532426
12484387
11344862
11344859
11344855
10504545
10312133
10312129
10312125
10312121
10312113
9081976
7208588
5002291
4808943
4731431
3372508
3253288
3095183
2218088
1850970
148655
148593
147029
238864061
196166478
196166476
254071952
308197893
308197891
308197889
308197887
308197885
299483198
295917188
290563756
261086747
261086744
261086741
242200049
209916681
197210525
197210523
194032504
194032503
194032502
194032501
194032500
194032499
194032498
194032497
194032496
194032495
194032494
194032493
194032492
188529539
187234341
158713821
157931973
157931972
149777901
149777898
149777895
149777892
118724615
118201528
118201517
118201515
118201513
110340900
90110161
238801612
238801607
238801605
188529541
125743008
23344104
310974416
307148807
307148805
307148804
307148802
307148801
307148799
3478674
256956426
256956418
256956415
256956412
256956405
256956401
256956393
256956390
256956381
310616856
308922613
309706192
309705521
309704919
309704912
297374543
297374468
297374460
297374407
297374297
308826678
296396458
220979952
302310226
302310106
302310074
302310020
297498979
296881209
296881189
296881182
289065347
289065318
289065297
289065273
268634795
268634792
268634789
260914811
260914798
260914795
260914789
260914777
260914774
260914764
260914761
260914757
260914755
260914752
256576431
256576429
256576427
256576425
256576423
256532070
256275461
255964405
255964403
255964400
255964398
255077275
255077258
254927436
254927432
237688234
229561762
229561407
228480787
228480645
228480565
226918959
226918953
226918947
226918942
226918937
226918932
226918927
226918922
226918917
226918912
226918907
226918902
226918897
226918892
226918887
226918882
226918877
226918872
226918867
226918862
226918857
226918852
226918847
226918842
226918837
226918832
226918827
226918822
226918817
226918812
226918809
226918806
226918803
226918800
225730209
225728876
225728874
225728871
221665314
220898277
214027195
214027181
214027175
213492203
213492200
213492196
213492193
213492191
213492189
213492187
209483437
209483434
209362344
193409923
187373201
170293283
169656088
168830962
167613948
159032440
158347550
157838788
155573660
133712502
124107882
121647059
118776561
118723146
116294654
115607409
110084287
110084284
110084281
109389586
87116781
84029161
84029158
83743321
71274416
68012687
63146055
63102565
63029819
61889224
61889221
61229209
57903207
56786619
48994625
48994617
40287459
38606064
37983282
37695737
33440002
31075350
30349182
30349167
29569592
28629230
22035182
18478551
17157968
15375393
12484388
12024948
8571119
507214
488543
455674
260215
151855
298356879
289718590
301322696
304655537
301071045
301071043
301128728
301128726
301128724
301128722
301128720
301128718
301128716
301128714
301128712
283520807
283520741
283520675
262234435
299782348
2443569
54292584
52078251
51449797
50897493
47606660
47420442
46949066
40888715
37683078
29692030
1773071
1679729
1621020
1477960
1353261
1314250
1293086
1293080
1255287
1237114
1213325
1161923
1150867
974249
595905
595902
595899
595896
595893
595890
595887
595884
595881
595878
595875
595872
595869
595866
595863
560562
341551
258428
239722
151811
151778
150038
148622
144389
141915
216826
296936606
296936604
296936602
290082944
290082922
262284456
17129524
2623977
291501213
241911411
5453452
5453450
5453448
5453446
5453444
5453442
5453440
5453438
5453436
5453434
341828
341827
291586262
291586260
192758583
49868015
37654998
34148228
30409761
29423787
28932774
22022401
19550879
16660638
13562034
238864053
238864051
238864049
238864047
238864045
238864043
238864041
238864039
238864037
238864035
238864033
238864031
238864029
238864021
238864017
238864015
238864009
238864007
238864005
238864003
238863997
238863995
238863989
238863987
238863981
238863975
238863971
238863967
238863965
238863963
238863959
238863949
238863947
238863945
238863943
238863941
238863939
238863933
238863931
238863929
238863927
238863919
238863917
238863907
238863901
238863897
226919090
226919085
226919080
226919075
226919070
226919065
226919060
226919055
226919050
226919045
226919040
226919035
226919030
226919025
226919020
226919015
226919010
226919005
226919000
226918995
226918990
226918985
226918980
226918975
226918970
226918965
209762175
209762173
209762171
209762169
209762167
154818207
154818205
87300221
87300219
87300217
87300153
87300151
87300149
87300085
87300083
87300081
87300017
87300015
87300013
87299949
87299947
87299945
60280769
9651859
7960012
6274515
5702165
5669909
5669907
5669905
4959583
2443571
2226062
560565
560564
22036501
22036499
22036497
22036495
22036493
22036491
22036489
22036413
22036411
22036409
22036407
22036405
22036403
22036401
22036307
22036305
22036303
22036301
22036299
22036297
22036295
15809579
15809577
15809575
15809573
15809571
15809569
15809567
15809565
15809563
15809561
15809559
15809557
15809555
15809553
15809551
15809549
15809547
15809545
15809543
15809541
15809539
15809537
15809535
15809533
15809531
15809529
15809527
15809525
15809523
15809521
15809519
15809517
15809515
15809513
15809511
15809509
15809507
15809505
15809503
15809501
15809499
15809497
15809495
15809493
15809491
15809489
15809487
15809485
15809483
15809481
15809479
15809477
15809475
15809473
15809471
15809469
15809467
15809465
15809463
15809461
15809459
15809457
15809455
15809453
15809451
15809449
15809447
15809445
15809443
15809441
15809439
15809437
15809435
15809433
15809431
15809429
15809427
15809425
15809423
15809421
15809419
283140338
283140336
285016590
284794176
281181549
1679894
253837
253836
253835
284157380
283445073
260080998
260080996
260080994
259018892
256862201
256862193
256862191
256862189
256862187
256862185
256858908
253317694
282161300
282161295
282161293
282161288
282161286
224831685
219563186
213133715
213133713
213133711
213133709
213133707
213133705
213133703
213133701
213133699
213133697
213133695
213133693
213133691
213133689
213133687
213133685
213133683
213133681
213133679
213133677
213133675
213133673
213133671
213133669
198042550
198042546
156535104
46451702
46451701
197089912
188504043
158702909
156144847
156100686
192762113
192762106
154736714
124021061
124021059
124021057
124021051
119657161
119657159
117979252
117979250
281188238
270267857
103055935
94502902
94502874
94502827
94502822
94502820
94502789
82468438
73476817
68304563
67551177
67551174
67551170
66474467
60280757
56607128
56554762
51105104
51105096
51038795
49182332
47717944
47570885
45505231
42357702
41019333
40737711
40737709
40557138
22121734
22022405
22022403
20530258
18026933
14486172
12232327
12044294
11993562
9988579
9988574
9651857
9651855
9651853
9651851
9651849
152547
170672352
170672351
118490510
268634806
268634802
266265480
85068488
50233938
425657
404337
257767911
257767900
257757382
257757375
261390708
261390693
261390681
261390669
261390658
261390638
260894153
260894030
260894014
152014910
152014908
260279119
211639231
4512331
156144845
218349681
215267879
215267788
171188397
227434002
208342455
208342453
190683453
147360
219881577
219816629
194595768
194595766
194595764
194595762
224797934
224038273
222840505
222433115
221185855
219819786
219819775
209915455
209915447
209915436
209915368
209915255
209915130
218359249
218350100
218349957
218349818
194440857
116263778
217317049
155049568
214011890
214011888
214011886
214011884
214011882
214011880
12018136
213133731
213133729
213133727
213133725
213133723
213133721
213133719
213133717
210061218
209981361
83308523
24527979
21885926
19310061
48216
42531
42360
450944
598339
450948
208736894
208730537
208729913
205831694
205831684
164682556
199583170
195542250
78893667
193805066
170672371
170672368
170672356
170672354
170672347
170672345
170672341
170672339
172051323
171188399
167540652
159032445
168355893
167860801
167860799
167860797
158939068
166078589
166078587
166078585
166078583
166078581
166078579
166078577
166078575
166078573
166078571
166078569
166078567
166078565
166078563
166078561
166078559
166078557
166078555
166078553
166078551
166078549
216548
157734593
156121658
49065167
49065158
113374281
158702913
158702911
157863070
2623983
216699
216697
216696
157838541
216610
9909131
216921
216701
216399
156138537
156138535
156138533
156138531
126013510
125863285
17046107
89077561
151511082
149395207
124557907
147744336
146265561
4589740
4589704
119640086
86156263
85718023
111607013
111607008
116643126
116643124
116643122
126506740
124107944
124107941
124107938
124107936
124107934
124107931
124107928
124107925
124107922
124107919
124107916
124107913
124107910
124107907
124107904
124107901
124107898
124107895
124107892
124107889
124107886
124107879
124107876
124107873
124107870
124107867
124107864
124107861
124107858
124107855
124107852
124107849
123979209
123979207
119514752
121485038
82659490
119657157
119657155
118624270
118197419
47846229
25900616
8052207
3413194
2769261
45555
84180836
94502887
94502881
94502845
115607404
115607395
115607392
115607390
115353437
14475527
9955884
112785125
112785115
112785113
112785111
112785109
112785107
112785105
89513165
89513164
89033265
3288150
103055979
86212197
2173091
56675217
82880631
19572638
42471
84310050
78322018
77455489
77455487
77455485
77455483
77455481
77158012
250132
73745521
66474469
54033269
54033267
54033265
5295806
2982596
2598416
2598414
48910
42552
42548
57281850
57281839
38636508
30314887
30140336
25815144
18073590
15485222
12053564
8919959
4775312
4775309
4688834
4456088
4456084
3702122
2660511
15054447
54303972
2623975
2623973
50789203
50789201
46401609
30314627
33352195
151764
3292841
31071306
28415258
28415257
28415256
28415255
28415254
28415253
28415252
28415251
28415250
28415249
28415248
28415247
28415246
28415245
28415244
28415243
28415242
28415239
28415238
28415237
28412817
28412816
28412815
28412814
28412813
28412812
28412811
28412810
28412809
28412808
28412807
28412806
28412805
28412804
28412803
28412802
28412801
28412800
28412799
28412798
27372229
25136578
23228444
21038833
5689751
2980625
2980620
17384566
15722332
14595011
14547129
12053583
12053581
1419498
1419497
1419496
7262429
4049422
5821175
4837629
42637
4218049
3152962
3142148
487270
487269
487268
487267
487266
487265
487264
216920
216919
216700
216922
42575
42571
