499527875
480529939
440575351
410691328
407810043
574609170
410656449
406352863
574087276
571430855
49237636
480530104
440575516
380310083
412342123
410475064
378406451
414085913
291289198
479327067
410475189
290792160
484868227
519428573
513046066
556555307
555235253
291288912
290792044
499527235
410656186
359422634
519428498
513046067
410715604
410375234
440685415
506971239
190410169
484868307
479327147
359730342
146150962
324120092
323388220
512492521
519428742
38639526
150958513
38016624
569555425
380083232
206575367
356596024
110264421
410655949
394557614
4929008
83596432
4775488
378975985
302141556
300836939
297622181
270208397
190576837
365803828
296492000
299474760
218546433
297787483
575010525
575010309
546491665
522817870
515794078
171850704
152973607
189009163
11342748
11181543
4138114
2950205
43902
43901
575010104
557368455
514883663
555235185
530572997
530347473
498543263
521251386
152973731
498543479
493665398
493665175
3873409
554651929
550602065
152973416
442557558
510414812
510414800
510414762
215528069
508309073
508307938
508307346
440685606
165928586
57639934
519767589
519767498
206575481
407809840
397741219
206570572
327421851
57158258
1813675
4063494
473725
565626629
544600294
514883823
521251546
402914465
474884493
410656260
363534041
32307201
19682873
125987971
125987969
472302154
514884065
521251616
402914504
510414783
410656566
410656428
410655843
410655790
410655751
508308861
408795221
404480273
404480038
206570325
297655328
363901757
299800878
32307207
21071086
126506738
126506736
126506734
126506732
126506730
537431002
519767570
410656033
510414824
510414793
510414792
510414720
410656386
410656048
294496685
508312903
508312692
508312482
508312350
508312100
508311686
508311352
508310205
508309904
508309191
508306913
32470129
440575233
150958389
150958208
363901715
358409925
336169634
11559816
254871270
254871268
254871265
254871260
217038355
164470425
293339394
215397949
11761377
514883893
514883648
397660804
394348876
521251660
521232454
519767740
519767731
519767716
519767705
519767691
519767675
519767666
519767654
519767646
519767639
519767609
519767562
519767537
519767481
519767440
471296046
435844840
410656369
380083665
209947514
165975434
419765836
419765727
469567118
429201046
281333463
281333459
281333457
397741269
385682449
383282202
345297182
356596017
169244664
197092208
156601478
51832630
14161935
46277129
45181618
1699215
11321257
149850134
160334344
146265559
4775481
574609217
320041712
569550062
569550058
216967777
555235250
380309794
378976153
378976151
378976146
378975832
378975690
305678726
488766714
410656026
410655585
216996016
209947511
19774233
485460042
32470123
20514397
378705671
429492487
377806473
405789843
373947299
365804153
365804147
365804142
365803989
365803686
363585319
210061212
105989968
340937393
337255608
337255605
16506517
324309927
324309925
323434958
211922742
211922733
223587484
20384782
18656789
10180985
9622142
4558518
238864101
238864093
238864091
238864089
238864087
238864077
238864073
238864067
238864065
238864063
238864059
226343634
161367441
151935548
117935926
300810980
289065757
237770104
187373286
167077404
167077390
114147191
114147177
19698424
9454102
45181615
1836113
206731403
5457153
56684452
24464502
24459265
19070666
215397943
210061216
210061214
149850107
169117962
169117960
110672125
58700486
58700481
58700478
77745433
69139105
7328114
24459264
24459261
14330657
571034069
514236628
514236615
514236605
514236593
549456455
545627010
544690526
532618596
532167720
394786193
530347728
530633265
402795761
512442353
386037709
435845064
410688707
410656441
211909938
211909932
209901144
209901056
209901031
448819157
419765640
419765594
419765586
460184332
442769982
442577759
442577757
442559578
441425353
429201127
428153292
409974861
407316741
397911945
397911940
339764631
345128596
397741511
397741465
397741378
374282195
389597887
323710468
296939581
381344354
381344352
380468303
380468301
380468299
380468297
380468295
380468293
380468291
380468289
149379938
3126908
369727477
323710467
374498840
370981692
370981682
305386784
347979219
347979217
347979215
347979203
347979201
347979199
347979197
347979187
357973845
347602110
344222656
344222654
344222652
344222650
344222648
344222646
344222644
344222642
344222640
344222638
344222636
344222634
344222632
344222630
336327549
343796808
343796806
343796804
343796802
343796800
343796798
343796766
343796764
343796762
343796760
338809155
336390240
336390229
329024835
326788100
327343029
325301871
312261321
315227436
52078045
299800913
299800888
37654377
37654375
37654373
37654371
23194361
11245764
2612977
302826879
288190943
288190941
288190939
288190937
288190935
288190933
288190931
288190929
288190927
288190925
288190923
288190921
288190919
288190917
288190915
288190913
288190911
226815139
183013550
147668551
161367443
155969969
155969964
155969960
308445269
296881203
296881197
296881193
296881185
296881179
254547200
238684876
237770117
224814349
221665303
209483440
189172074
187234332
186920237
184216086
184216078
184216070
184216062
184216053
171674361
170785720
170785713
156601465
115291393
94962063
62288197
31096323
225579737
225579735
225579733
225579731
225579729
225579727
225579725
225579723
225579721
225579719
225579717
225579715
225579713
225579711
225579709
225579707
225579705
225579703
225579701
225579699
225579697
225579695
225579693
225579691
225579689
225579687
225579685
225579683
225579681
225579679
225579677
225579675
225579673
225579671
225579669
225579667
225579665
225579663
225579661
225579659
225579657
225579655
225579653
225579651
225579649
225579647
56181497
56181493
55824372
50235317
50235315
50235313
50235311
50235309
50235307
50235305
50235303
50235301
50235299
50235297
50235295
50235293
50235291
50235289
50235287
50235285
50235283
50235281
50235279
50235277
50235275
50235273
50235271
50235269
50235267
50235265
50235263
50235261
50235259
50235257
50235255
50235253
50235251
50235249
50235247
50235245
50235243
40548851
1184049
6723708
37654369
31096321
29893407
17026329
10242337
259120753
256862203
256862199
256862197
256862195
56554772
281333461
78057321
51105110
33151169
19568070
12044259
10945347
255031061
211639217
211639211
255031064
209574213
209574188
209574095
76057238
76057217
76057193
76057179
125863283
121485035
86161304
76057168
58333817
82393679
5419924
43809
7328187
7328186
7328185
7328184
7328183
7328182
7328181
7328180
7328119
569533080
436429286
436429281
569550126
569550048
569550040
568219222
410072519
557791910
557594895
557594889
557477689
557477679
553837014
542068234
542068220
542068194
537849609
525331527
525331525
511517435
511517432
511517426
435855473
435855463
435855460
435844954
152973836
152973830
480632398
451824560
429345463
411343026
411342923
411342766
410178779
410066874
407181581
407181579
326328196
397746968
396084255
150958618
150958612
393757381
386372240
391349178
383282204
307635284
343796796
343796794
343796792
343796790
343796788
343796786
343796784
343796782
343796780
343796778
343796776
343796774
343796772
343796770
343796768
336171072
336171070
326581988
326581986
56069564
27883541
27883540
18958443
17887486
14010288
14010286
14010284
14010282
14010280
14010278
14010276
14010274
14010272
14010270
14010268
14010266
14010264
14010262
14010260
14010258
14010256
14010254
14010252
12744476
12484390
238864099
238864097
238864095
238864085
238864081
299483201
145442192
161367439
307148809
300719508
260914786
260914783
260914780
257043832
254927427
208658721
168805276
167077380
151946854
151946847
151564268
114319152
63146061
49823163
40795472
38372160
5305737
56159737
50593098
40888717
31096325
238864027
238864025
238864023
238864019
238864013
238864011
238864001
238863993
238863985
238863979
238863977
238863973
238863961
238863957
238863955
238863953
238863951
238863937
238863935
238863923
238863913
238863905
238863903
238863899
238863895
77021907
124021055
94502904
94502889
94502879
94502876
94502872
94502833
94502831
94502829
94502824
94502817
94502815
94502810
94502808
94502805
94502803
94502801
68304560
56554770
56554768
56554766
56554764
51105116
51105114
51105112
51105108
51105106
51105102
51105100
51105098
51105094
51105092
40317279
37951600
18482388
13236847
85003006
58333803
56691992
56691986
111054506
151368170
94502885
94502883
112785123
112785117
85003008
84380854
74058440
74058436
50789199
50789194
402806
43789
410119892
571198331
571226858
410114415
410686853
392356698
206575712
152968582
571211258
571202203
555234706
555233736
555189042
555148104
550443072
549815675
43899
572161559
571209158
556493280
555222694
375256816
365906294
206564770
43795
550192797
238892256
410116664
150953431
2113848
574486972
571207410
555223188
554971932
484229174
288932888
410114373
288887617
572162304
571197144
555234564
555232479
555231833
555229271
555222568
484175985
386032579
425084090
414705790
339759707
555188608
555080661
554971368
550712030
530627845
530342600
378976159
364515570
572161642
571248254
571233290
571231639
571231576
571217156
571201053
571200255
556422596
555233584
555233316
555230353
555229877
555223405
555222572
523684780
519538120
470926172
509564941
425094502
407805053
328794827
364161074
149167
574486973
555147432
555136018
555114833
555101975
555088419
555021096
555003503
554971782
550552446
550192671
550192397
550181783
485453097
485453095
484176127
424833448
472290919
460780357
427540703
427538713
410122176
410118157
410115650
397426213
397409089
397409012
397401546
397392758
397391621
397376724
397373840
397361625
397357697
397357576
397342686
397340375
397339864
69209772
574486974
572162210
571244877
571233646
571232469
571231340
571229054
571225080
571224392
571217267
571209154
571208936
571206362
571206258
571203233
571201716
571199046
571194858
571169572
569550235
556494858
556491657
556491642
556477458
556470242
556468323
556466090
556464595
556464558
556450056
556346902
556297046
556296182
556244283
556243487
556219026
556197498
556195992
555234832
555234569
555232731
555232480
555228402
555228140
555223127
555223124
555223059
555223001
550552136
544901033
544812332
523687395
523686744
523686424
523685809
523685748
523685478
523685164
523684202
523684134
523683845
523683589
523683482
523683160
523680812
523680668
523680312
523680222
523677046
523676741
523676619
523676510
523676092
523675953
523675749
523675607
523671799
523670760
485453104
484166138
520906274
520905485
520905164
520903914
520900330
520900315
520899404
520898058
520897362
520896889
520895329
520893491
520892127
520891881
520890181
520886999
520886533
520885141
520883555
520883136
519568805
519567293
519566183
519563579
519556828
519555535
519552845
519549146
519544863
519541273
519532397
519531045
519526736
519523744
519520333
519519826
519507987
519507249
519500686
519494643
519493618
519492067
519491612
519481769
519477852
519473356
519469696
519469211
519465998
519457564
519452535
519448893
519444687
519443953
519438297
519436364
510824255
510361433
510359249
510356020
510344281
510341893
510338460
510331888
510329418
510327650
510325637
510307790
510304795
509711074
509709993
509706232
509703436
509702005
509699314
509697678
509691997
509689453
509686434
509685158
509679805
509676749
509673134
509672264
509664815
509664336
509658193
509644881
509644150
509642452
509638072
509630179
509626394
509623267
509617729
509617226
509614978
509611425
509610910
509607827
509595041
509594447
509593003
509587840
509579676
509563600
507126145
507124375
425084600
425079304
425074128
365149736
365149123
365151472
365151025
365151007
365150489
365150320
330022644
330022642
330021119
330020319
330019491
425089747
425089715
425084411
425079251
423117696
480513487
407829643
407829642
407829637
407829636
407829635
407829634
407829632
407804916
397417389
328794891
328794857
328794848
328794825
328794799
328794761
328794752
364161113
364161084
364161060
377643888
328537878
71082598
573081251
556468384
556464658
556378969
555120981
555113715
555113699
555005248
555002152
554999987
550711952
550711801
550711357
550193225
550192252
550187172
550182202
550181714
549469832
549467778
549466278
544773057
525543943
525543930
525543490
525543479
525539032
525534040
525531974
485453071
485453052
485453043
485453035
485453034
485452996
485452985
485452944
485452942
485452936
485452927
485051341
485051205
485051188
485051128
485051121
485051104
485051042
485050984
485050974
484176111
484175847
484175829
484229176
484107663
483979657
483979400
520888514
485452979
514078521
513499170
421910435
472301935
472299399
472296051
428151295
421919483
421917738
471238196
471238127
471237955
460782455
459678192
459677890
414710836
427538779
427538721
427537994
410119118
410118557
410117816
410115642
410113849
405607268
405606671
405605758
405602067
405601324
405599081
405597055
405596783
405594803
405591926
405590578
405588841
397451449
397446071
397444767
397444022
397439806
397439621
397439460
397431993
397431569
397425686
397424751
397424690
397423735
397423719
397417368
397415189
397415179
397407459
397407127
397407116
397407105
397397209
397396540
397391228
397391217
397389502
397389488
397380549
397378885
397378591
397374481
397374311
397373300
397373248
397358559
397358224
397356371
397356265
397356223
397356057
397339353
397339325
397339121
397339041
397338803
397338768
151935554
155018
155017
155010
14626419
48988
572162678
572161377
572159165
571247534
571236070
571232169
571231483
571230793
571227521
571227436
571226661
571226002
571225399
571225159
571223579
571223555
571212556
571211329
571209673
571207073
571204065
571203294
571202837
571201774
571201462
571201128
571200304
571199979
571199453
571196922
571166765
571166624
571164458
556495715
556495653
556495590
556495408
556495389
556495370
556495303
556493183
556491898
556478513
556477437
556477274
556477195
556476689
556476662
556476630
556473839
556473830
556471953
556471373
556470252
556466021
556465938
556465737
556465409
556464661
556451153
556447892
556422522
556422501
556404255
556403725
556385927
556385596
556384803
556378743
556378444
556376991
556369561
556366593
556296608
556295823
556275227
556274516
556267444
556266251
556256293
556255582
556254406
556245429
556232875
556232275
556229467
556197381
556196398
556195968
556195928
555235452
555235443
555235440
555234942
555234941
555234709
555234707
555233755
555233750
555233591
555233588
555233328
555233324
555232979
555232976
555231843
555231837
555231832
555230626
555230620
555230615
555230356
555230355
555229885
555229882
555229277
555229273
555229034
555229025
555229024
555228775
555228769
555228768
555228637
555228633
555228632
555228629
555228401
555228389
555223407
555223400
555223398
555223350
555223346
555223277
555223273
555223195
555223192
555223123
555223121
555223066
555223061
555222704
555222699
555222588
555222578
550552270
525104899
544904161
544904112
544903885
544903497
544902154
544901859
544901419
544901258
544900959
529290554
529290370
529289780
529289470
529288361
529287738
529285547
529285209
529284544
529284251
529284092
524236198
523687402
523687377
523687330
523687309
523687296
523687248
523687171
523687149
523687120
523687113
523687032
523686997
523686938
523686853
523686841
523686814
523686748
523686729
523686726
523686657
523686612
523686597
523686575
523686569
523686470
523686441
523686418
523686413
523686408
523686400
523686395
523686247
523686234
523686190
523686013
523685965
523685925
523685897
523685788
523685733
523685721
523685695
523685623
523685613
523685604
523685548
523685511
523685496
523685484
523685411
523685405
523685364
523685336
523685331
523685275
523685232
523685166
523685104
523685009
523685005
523684995
523684919
523684881
523684808
523684737
523684697
523684551
523684530
523684502
523684403
523684382
523684351
523684310
523684271
523684252
523684187
523684169
523684146
523684092
523684086
523684077
523684011
523683972
523683961
523683936
523683908
523683907
523683884
523683822
523683778
523683727
523683696
523683665
523683630
523683623
523683544
523683460
523683384
523683339
523683323
523683267
523683255
523683170
523683130
523683112
523682734
523682694
523682399
523682161
523682128
523681907
523681764
523681516
523681418
523681389
523681121
523680984
523680967
523680931
523680898
523680887
523680825
523680821
523680766
523680759
523680738
523680711
523680679
523680641
523680635
523680605
523680554
523680547
523680430
523680370
523680333
523680309
523680299
523680200
523680193
523677547
523677544
523677520
523677477
523677452
523677412
523677343
523677300
523677268
523677259
523677227
523677222
523677100
523677090
523677080
523677037
523676987
523676854
523676844
523676794
523676761
523676704
523676652
523676563
523676532
523676484
523676342
523676334
523676305
523676263
523676255
523676251
523676243
523676240
523676160
523676133
523676077
523676075
523676047
523675990
523675941
523675832
523675801
523675779
523675776
523675728
523675677
523675659
523675652
523675619
523675496
523675474
523672426
523671382
523671254
523671136
523671043
523670992
523670874
523670764
523670736
523670692
523670665
523670650
523670572
523670551
523670497
523670489
523670444
523670434
523670399
523670384
523670370
523670298
523670290
523670285
523670278
485453083
485453054
485453051
485453041
485453038
485452998
485452946
485452940
485452935
485452919
485452914
485051123
485051007
485050995
485050991
483979546
520906432
520906417
520906349
520906268
520905881
520905866
520905672
520905613
520905505
520905259
520905052
520905006
520904839
520904794
520904786
520904730
520904430
520904371
520903562
520903561
520903539
520903531
520903515
520902912
520902453
520902413
520902335
520901667
520901396
520901013
520900875
520900861
520900650
520900261
520899544
520899452
520899355
520899307
520899259
520899051
520898938
520898912
520898862
520898775
520898755
520898498
520898476
520898432
520898394
520898169
520897732
520897585
520897414
520897354
520897281
520896868
520896633
520896572
520896450
520896409
520896242
520896234
520896166
520896137
520895850
520895815
520895676
520895519
520895480
520895460
520895452
520895447
520895252
520895104
520895004
520894974
520894856
520894842
520894222
520893913
520893884
520893865
520893781
520893624
520893337
520893334
520893330
520893306
520892897
520892852
520892516
520892504
520892275
520892191
520892108
520892098
520891870
520891643
520891464
520891316
520891259
520891062
520890992
520890718
520890701
520890674
520889913
520889823
520889696
520889691
520889620
520889443
520889412
520888995
520888859
520888543
520888471
520888384
520888316
520888183
520887532
520887440
520887394
520887377
520887195
520887182
520887153
520886632
520886518
520886501
520886272
520886258
520886213
520886181
520885868
520885820
520885690
520885401
520885268
520885210
520884927
520884859
520884758
520884703
520884574
520884227
520884192
520884143
520884041
520883921
520882794
520882790
520882559
520881216
520880558
519568569
519566676
519565669
519564687
519564573
519563002
519561646
519561162
519560728
519560332
519559859
519559247
519558602
519558149
519558041
519557582
519557073
519555805
519555136
519554682
519554533
519553675
519552662
519551940
519550139
519548667
519548419
519548263
519547857
519547621
519547536
519546934
519544179
519543984
519539657
519539495
519538427
519537879
519536506
519536154
519535131
519534469
519534180
519533471
519533434
519532966
519532379
519531993
519530798
519529297
519529064
519527470
519527333
519525291
519525151
519524623
519523873
519521259
519520640
519520109
519519602
519518104
519517806
519516353
519516201
519515792
519515744
519513588
519513036
519512690
519512661
519512105
519511344
519510751
519510212
519509689
519509556
519508963
519507611
519506828
519506159
519505934
519505518
519501438
519500242
519499694
519499684
519498445
519497816
519497598
519496680
519496480
519496408
519496398
519495802
519495727
519494913
519493836
519493708
519493249
519493217
519492935
519492348
519491903
519489517
519488871
519488793
519487279
519486198
519485895
519485180
519484805
519484531
519484491
519482879
519480445
519480344
519479699
519478062
519477699
519477561
519474997
519474868
519474727
519474505
519473457
519472754
519470241
519468489
519468337
519468190
519467660
519467060
519466839
519465631
519464526
519464142
519463635
519462979
519460341
519460232
519458641
519458410
519458358
519456551
519456139
519455436
519455017
519454937
519454863
519452676
519452324
519451865
519451327
519450812
519450509
519449280
519449146
519448693
519448164
519448003
519447439
519446920
519446694
519446651
519444897
519444203
519444112
519443911
519441999
519440895
519440705
519439362
519439113
519438783
519437330
519437287
519436930
519436806
420082412
289776635
289775105
510824391
510824382
510824290
510824288
510824236
510365708
510364966
510361942
510361765
510361748
510360895
510360731
510360248
510359540
510359378
510359111
510357922
510357902
510357576
510357207
510355029
510352830
510352229
510351019
510350703
510350585
510350259
510349351
510348727
510348153
510347950
510347564
510345957
510345605
510342956
510342716
510341767
510341392
510340125
510339948
510339198
510339134
510338785
510337973
510337278
510337270
510336919
510336563
510336134
510335691
510335510
510334923
510332577
510331080
510330623
510330306
510330257
510329630
510329368
510329070
510328924
510328920
510328583
510325958
510324146
510324036
510323030
510322940
510321685
510319550
510308104
510305990
510304895
510302277
510301775
510301481
510300927
259042938
259041524
259040002
259037118
509718907
509718017
509716908
509715965
509715789
509714854
509711740
509710927
509709959
509705514
509705432
509704288
509703566
509702757
509702381
509702222
509702216
509701651
509700824
509699285
509697622
509697541
509695963
509695243
509694996
509694915
509693826
509693715
509693005
509692668
509691411
509691326
509691252
509690986
509689163
509688324
509688269
509687605
509686865
509686160
509685864
509684659
509684413
509683928
509683036
509681715
509680773
509680299
509679682
509679140
509676558
509676436
509676322
509674352
509673702
509673697
509672473
509671837
509671474
509670894
509669459
509669394
509669265
509669026
509668410
509667971
509666325
509666006
509665256
509665144
509664629
509664529
509664285
509663771
509662643
509662597
509661594
509660637
509659970
509656075
509654642
509654372
509653815
509652912
509652877
509652180
509650278
509650004
509649718
509649251
509648569
509646051
509645397
509644398
509643233
509643101
509642601
509640374
509640166
509640102
509638861
509637170
509637080
509635291
509634203
509633955
509633672
509633504
509633397
509632635
509632542
509630725
509629570
509629224
509628151
509627907
509626330
509625163
509625147
509624510
509623932
509621908
509621368
509620792
509619036
509618693
509616032
509615274
509614549
509614363
509613856
509611817
509611642
509611130
509610644
509608350
509608283
509608040
509607001
509606619
509606288
509605707
509605264
509604762
509604397
509604337
509603814
509603406
509603317
509602520
509601588
509601572
509601566
509600985
509600497
509600133
509600082
509599755
509598790
509595678
509594637
509594608
509592139
509592009
509591461
509590790
509590311
509588202
509580125
509578729
509577933
509576933
509576897
509575067
509574616
509569070
509568717
509568459
509567409
509567026
509565384
509565261
509565212
509564007
509563028
424828385
507126253
507125551
507125161
507124766
507124230
507121936
507121592
425094041
425089767
424930866
423123309
423106754
423101394
290512110
290509919
262045647
500740025
500605648
402841966
402841061
472302020
472301515
472300278
472298673
472290750
460068788
449046536
425095090
425094830
424936158
423128882
423123058
423117961
423112131
421728896
421726089
420086063
420084709
420080601
420080217
420079947
420074875
420073755
420069015
420068371
420063238
420062321
420057632
420057609
420057009
420051915
420051289
420046104
420045527
420040394
420039592
420034711
420034060
420028900
420028219
420023152
420022449
420017500
420016698
420011624
420010910
420005876
420005247
420000193
419999385
419994385
419993465
419988459
419987601
419982809
419982059
419977061
419976138
480512661
471238676
460782860
460779890
460779545
459932117
459931888
459676382
448877652
414647706
414647704
414647702
414647700
410373056
410369991
407829653
407829652
407829650
407829647
407804974
402280285
402279983
397419761
397390173
397384223
397380080
397372784
397368301
397366643
397354779
397351414
397348630
377643904
377643903
377643901
377643897
377643895
377643891
328539425
328538585
328538409
328537682
328536764
328534637
328534204
28207196
15624078
28912444
28912441
7595230
157812671
14626421
7407120
7530137
3581983
573074772
573072121
573070374
573069873
573069612
573043678
573043462
339319313
339319312
555218086
555210629
555206150
555205331
555204758
555203432
555202249
555201524
555200557
555190080
555189963
555153536
555151954
555151670
555151545
555149290
555141732
555132358
555124823
555124270
555116867
555115819
555115500
555115269
555114441
555111605
555107847
555105717
555105195
555102697
555099804
555090709
555090548
555081784
555081257
555079729
555066163
555065374
555063806
555063471
555055314
555052974
555052405
555052186
555051179
555050768
555048541
555048415
555046226
555044710
555044701
555028436
555025664
555023547
555022333
555021564
555020320
555017076
555014795
555012030
555009904
555007360
555003034
555001131
555000786
555000704
554997455
554988260
554984311
554981359
554973823
554972997
554971578
550711905
550711867
550711378
550182019
549471420
549468929
549466765
549466420
545070405
545070087
545070013
544903765
544903669
544902670
544901624
544900885
544812305
544812283
544812169
544812119
544812041
544773098
544773095
544773069
544773051
544772969
544772936
544772923
542315063
542314849
542313935
529290755
529288828
529286677
529284793
525543652
525541987
525541733
525534424
525532964
525532916
523686285
485459584
485453147
485453146
485453145
485453144
485453143
485453142
485453141
485453139
485453138
485453137
485453136
485453135
485453133
485453132
485453131
485453128
485453127
485453126
485453125
485453124
485453123
485453122
485453121
485453120
485453119
485453118
485453117
485453114
485453112
485453111
485453110
485453108
485453107
485453105
485453103
485453100
485453099
485453098
485453096
485453094
485453093
485453090
485453089
485453087
485453086
485453085
485453084
485453082
485453081
485453080
485453078
485453076
485453075
485453074
485453073
485453072
485453070
485453069
485453068
485453067
485453066
485453065
485453064
485453063
485453062
485453061
485453060
485453059
485453058
485453057
485453056
485453055
485453053
485453050
485453049
485453048
485453047
485453046
485453045
485453044
485453042
485453040
485453039
485453037
485453036
485453033
485453032
485453031
485453028
485453027
485453025
485453024
485453023
485453022
485453018
485453016
485453015
485453013
485453012
485453011
485453010
485453008
485453007
485453005
485453004
485453003
485453002
485453001
485453000
485452999
485452995
485452994
485452992
485452988
485452987
485452984
485452982
485452981
485452978
485452977
485452976
485452975
485452974
485452973
485452972
485452971
485452970
485452969
485452968
485452967
485452966
485452965
485452964
485452963
485452962
485452961
485452960
485452958
485452957
485452956
485452955
485452954
485452953
485452952
485452951
485452950
485452949
485452948
485452947
485452943
485452941
485452939
485452938
485452937
485452934
485452933
485452932
485452931
485452930
485452929
485452928
485452926
485452925
485452924
485452923
485452922
485452921
485452920
485452918
485452917
485452916
485452915
485452913
485452912
484176193
484176114
484176074
484176045
484175834
484175760
484157153
484156845
484156712
484107996
484107945
484107722
484107710
484107356
483979304
402778297
520888290
485453148
485453140
485453134
485453130
485453129
485453116
485453115
485453113
485453106
485453102
485453101
485453092
485453088
485453079
485453077
485453029
485453026
485453021
485453020
485453019
485453017
485453014
485453009
485453006
485452997
485452993
485452991
485452990
485452989
485452986
485452983
485452980
485452959
485452945
484176031
484175922
484107929
514078323
514076537
513503790
513496197
421727256
421728580
419762276
421919117
420057588
420040214
420038117
420032576
420005721
419994794
490363672
472300960
472291086
472290657
472290301
472286400
460067859
449051629
449048270
449045971
428153240
428152279
428151331
428151266
428151054
428151052
428149896
428149222
428148664
428148629
428148334
421918550
421917917
421917544
421917477
421916120
421914536
421913777
421913752
421913241
421913053
421911527
421909316
421727941
420086754
420085552
420084634
420083135
420080089
420079485
420078425
420076223
420074315
420073690
420071770
420069473
420068686
420068549
420067129
420064108
420063749
420062990
420062900
420060081
420058842
420057415
420055471
420053982
420051784
420051502
420049877
420046940
420045933
420045705
420044158
420041844
420039848
420036064
420035088
420034318
420034243
420032811
420028687
420028432
420027907
420024016
420022955
420022910
420021148
420020101
420017182
420016976
420015848
420012488
420011424
420011092
420009388
420006668
420005476
420003858
420002816
419999662
419999322
419997532
419996751
419994094
419993756
419992816
419991524
419988270
419987893
419985738
419984625
419982427
419981994
419980579
419977754
419976686
419976300
419974763
419974514
485453149
485453030
471251684
471248941
471245675
471238502
471238381
471238096
471238002
471237709
471237671
471237501
460782732
460782587
460779928
460779053
460778843
402539130
459678174
459678168
459675563
459674994
459674952
459674911
459674308
459673620
459673331
448877946
427541710
427541549
427541412
427541028
427540152
427539335
427538996
427538308
427537766
427537759
427537675
427536808
427541379
427538728
410371817
410371123
410370489
410123158
410123105
410121562
410119131
410118067
410116785
410114559
410112327
405613603
405610770
405609489
405609089
397745504
397450586
397449965
397449066
397445414
397443572
397443118
397442601
397441662
397437576
397437157
397435827
397434220
397433109
397428476
397426751
397424058
397421578
397420127
397418045
397418008
397416409
397412294
397412160
397407914
397404522
397401893
397398929
397397063
397392406
397388512
397386965
397382564
397381244
397375708
397367545
397363236
397362368
397353597
397350286
397345252
397344730
347311587
347311572
380007426
376402226
376398555
376393526
376392441
376389887
376388644
376388420
376385152
376382960
376380573
376375044
363654908
363654464
363648437
363647434
363646746
363644345
339319311
339319310
339319309
339319308
339319307
339319306
339319305
339319304
339319303
339319302
339319301
339319300
339319299
339319298
339319297
339319296
339319295
339319294
339319293
339319292
339319291
339319290
339319289
339319288
339319287
339319286
339319285
339319284
339319283
339319282
339319281
339319280
339319279
339319278
339319277
339319276
339319275
339319274
339319273
339319272
339319271
339319270
339319269
339319268
339319267
339319266
339319265
339319264
339319263
339319262
339319261
339319260
339319259
339319258
339319257
339319256
339319255
339319254
339319253
339319252
339319251
339319250
339319249
339319248
339319247
339319246
339319245
339319244
339319243
339319242
339319241
339319240
339319239
339319238
339319237
339319236
339319235
339319234
339319233
339319232
339319231
339319230
339319229
339319228
339319227
339319226
339319225
339319224
339319223
339319222
339319221
339319220
339319219
339319218
339319217
339319216
339319215
339319214
339319213
339319212
339319211
339319210
339319209
339319208
339319207
339319206
339319205
339319204
339319203
339319202
339319201
339319200
339319199
339319198
339319197
339319196
339319195
339319194
339319193
339319192
339319191
339319190
339319189
339319188
339319187
339319186
339319185
339319184
339319183
339319182
339319181
339319180
339319179
339319178
339319177
339319176
339319175
339319174
339319173
339319172
339319171
339319170
339319169
339319168
339319167
339319166
339319165
339319164
339319163
339319162
339319161
339319160
339319159
339319158
339319157
339319156
339319155
339319154
339319153
339319152
339319151
339319150
339319149
339319148
339319147
339319146
339319145
339319144
339319143
339319142
339319141
339319140
339319139
339319138
339319137
339319136
339319135
339319134
339319133
339319132
339319131
339319130
339319129
339319128
339319127
339319126
339319125
339319124
339319123
339319122
339319121
339319120
339319119
339319118
339319117
339319116
339319115
339319114
339319113
339319112
339319111
339319110
339319109
339319108
339319107
339319106
339319105
339319104
339319103
339319102
339319101
339319100
339319099
339319098
339319097
339319096
339319095
339319094
339319093
339319092
339319091
339319090
339319089
339319088
339319087
339319086
339319085
339319084
339319083
339319082
339319081
339319080
339319079
339319078
57158257
157168020
123217696
4827074
296246028
28864528
28864526
11527183
7261127
5001809
26278934
43810
1185122
43797
8052260
3201544
573042886
572165432
572164965
572164630
572162820
572162193
571245182
571230823
571230492
571228721
571227503
571227311
571225670
571225031
571224783
571223889
571223465
571222976
571217594
571217115
571217016
571216068
571213866
571211957
571211776
571211774
571209468
571208311
571207070
571206488
571205847
571205801
571205154
571204780
571204756
571204608
571203585
571203269
571203161
571203004
571202496
571202362
571201705
571201685
571201193
571200914
571200799
571200688
571199960
571199505
571196933
571194656
571194606
571169823
571169751
571168614
571168221
571166256
571165935
571165397
571165336
571164765
571164592
571164422
571163719
562889826
562889820
562889818
562889812
562889810
562889808
562889806
562889804
562889802
562889800
558708300
550552345
550552286
550552187
550552025
525104877
525104811
525104806
525104785
549469154
549469005
549466963
547400109
547396953
547396267
547387225
544812232
544773016
259328201
259328198
259328195
259328184
530753386
525536945
525534237
525531861
507091347
524238988
524238887
524238335
524234726
485459908
485459708
485459638
485459608
485459602
485459598
485459576
485459540
485459522
484176096
484176023
484175810
484175777
484175753
484168830
484168616
484167641
484167273
484166850
484166533
484166370
484166284
484166157
484107974
484107898
484107771
484107636
483979651
483979393
483979364
483979307
485459597
485459577
514078177
514077442
514075969
513505153
513501651
513499916
507091375
472295470
472290423
262045645
262045644
402844490
402842386
402842359
402842307
402842248
402842005
490362804
488983109
488976404
472291109
472290874
469922851
469922453
469921516
469919342
469919326
469919065
460071510
460070970
460070279
460069560
460069509
460069435
460065459
460065184
460065161
460065096
449061723
449059420
420085803
420080386
420074501
420068822
420063419
420062832
420057370
420057154
420051738
420045887
420040137
420034500
420028800
420022863
420017389
420011379
420005656
419999844
419993991
419988201
419982604
419976867
262045658
262045650
488974389
480518333
480518097
480515445
480513622
480513232
471250898
471248259
471239053
471238688
471238247
471237900
471237232
448874837
448872755
404312149
402284021
402283162
402281328
402281006
402279745
402276662
397449885
397448822
397448035
397443069
397441949
397441373
397440469
397437497
397435170
397432436
397428257
397426956
397426481
397425809
397425772
397425137
397424708
397419900
397419543
397417996
397409440
397409374
397408728
397408546
397408299
397407868
397402590
397400442
397397930
397393348
397392378
397391906
397391804
397391101
397390967
397384161
397382761
397380569
397377242
397375833
397374929
397374494
397373593
397373458
397362488
397360692
397359551
397358347
397358149
397357211
397357187
397356408
397356322
397343903
397341474
397341400
397341149
397340362
397339962
397339478
397339407
397339050
393804120
377652326
347311600
259563906
259563903
259563900
371925325
358442113
312458453
312458451
312458449
312623594
89148186
119362094
192822642
84313491
72536051
258677230
148913114
1841437
14588992
14588990
496632
3758874
3758822
575073978
575073954
550552333
550552179
550552158
485462006
485460631
485459753
485459643
485459499
484168190
484167369
484167165
484166336
490363193
488974530
469922145
469921988
469919054
480518307
480513369
480513175
395483699
347984504
159138972
484095
371537566
347944752
347944750
347944748
347944746
347944714
347944713
347944711
335058165
291586255
311701589
299800921
164429817
302371353
168824140
22324697
15718479
41059118
41059114
169665650
169665648
169665644
169665642
169665640
169665636
169665634
169665632
169665630
169665610
169665608
169665606
169665604
167613897
167613893
167613892
167613888
167613887
167613885
167613884
167613883
167613882
167613881
167613880
167613879
167613866
159138974
32399792
1212997
571046735
566130431
16505740
38638089
37681987
2113862
2113860
2113854
2113852
2113850
2113858
2113856
43787
1359902
149200
1524112
453214
43935
43931
43948
43923
43793
43791
149298
149297
18466424
32141095
30407153
332139403
326698716
161501984
32456059
32469973
28629230
32470666
30407161
43774
152528
149152
37962716
386014600
327392658
30407157
156932229
151853
151860
149048
16758993
58383237
387615190
312949035
10957190
558678113
529205529
133756175
89513164
50118965
49609491
38259307
38347830
54125512
54145488
7800243
47118301
386018361
116248676
327396447
15829254
113911681
70907607
410488726
384474818
16262453
256367708
406693638
187736741
228480645
62550774
121663664
410832517
429339486
123440403
336053193
83404799
334084747
3883003
89213252
49240382
122815790
169302998
363585783
359359955
167613948
172051323
10955438
410609704
386118375
122087364
363585886
89255298
46402086
363585833
363585724
83308523
218687878
116254467
378962821
374356693
49482253
150775
410469218
10957073
86284147
371781309
9230683
2662451
2662449
53717639
342162630
51492513
149161
340730366
86360045
206479926
52208053
288626
60730241
448814763
444893469
116249460
150542
343790837
343790835
343790833
343773652
343773650
343773648
44443457
1402860
150544
449535768
31742509
190714220
126506740
407810273
164470418
451856977
451856972
451856968
451856964
407810268
449535763
449535759
449535755
407810284
157931973
283520675
974249
51470556
146265561
332668524
9507391
407810264
401716720
508311
358424784
374434362
332015340
2944138
224979324
187373297
167077397
29569594
29569592
29569589
13022188
248835
158939068
151511082
395262
224992331
224985746
209947517
407356221
407356219
407356217
381344361
381344359
381344357
381344355
3347909
5532439
5532437
5532435
5532433
5532431
5532429
5532427
5532425
157931972
221665314
221665296
209483437
209483434
283520807
283520741
224579047
224579040
51507259
92272755
402808
56384585
22002119
37524032
378928860
378927197
38343908
383493132
157368249
383479207
218703261
218693476
22123922
119668705
30061571
52211453
53721039
307543589
307215613
32396689
229606122
261819370
259906682
119896292
218698419
26245917
347750429
30043918
345287734
146309667
14286347
24413861
33591275
15674250
33591069
573932891
568071923
120552944
15793034
573966439
557270520
38232642
38231477
30407145
482529293
218556939
482892482
219870279
32527006
18308982
120596833
38637668
26111730
60491031
549478129
526218030
548713695
152994043
260853213
523821078
378958130
60679597
186893344
170719187
170018061
33594723
374352002
47118322
498483797
498483687
148271178
207855516
194447306
226942170
190572091
570286338
523806722
528171613
16763390
525836786
525945526
523811606
82775382
16445223
528816716
378448274
197361212
521009425
521166214
146291111
187730020
157154711
267991652
33591070
30407139
147829108
573926912
564743501
559187652
525957490
559996969
152983466
544388862
544200787
525689963
523439782
218547440
523833601
148545259
62178570
487372660
484164396
253771435
209693634
170022262
190010013
554510692
525855729
556550243
15791399
523815970
153946813
205351346
59800473
485462091
485462089
485462086
157144296
30407158
568151185
566561164
564949884
563651606
563408818
563346448
139472888
254791136
218552585
215485161
74310614
378987404
198241740
194733902
194442203
29140543
218888746
261866721
209395693
188532165
332986951
327185020
134271134
31620456
32444432
571044851
543891911
16120353
512451525
543175329
209917191
157159467
82542618
511525997
512647881
146305042
209808847
170679574
167031021
162418099
116249766
110804074
424836542
16081186
383465594
59717368
115254414
208010409
24419015
32444740
526467231
526273439
551330062
523446423
537379077
146280397
525949893
525662379
525701099
537452888
386062973
51594359
523825568
523433191
45439865
529218781
224581838
197247352
529190224
514245605
484120676
482599554
469801541
514407635
229587578
116048575
114561188
348031532
31619300
32397972
560891721
148826757
145597324
254160123
238899406
170079663
511519639
156972381
512576139
484100856
110640213
109896332
108810166
108805998
104779316
91209055
40218230
33564552
32397603
574595116
568237447
568185322
568179884
567355861
567348216
525655613
523430851
77358982
71733195
66043271
484034372
482975857
147673035
255961261
192358779
162960935
117622295
92112136
37678184
222113012
33572960
31619894
498483838
498483834
512454052
512451044
152977688
62184647
217971216
157959830
114319166
110832861
52424055
33598993
171194020
24427162
38198900
32447383
32447067
32447713
32397256
551358632
444246608
16271976
172087630
117617447
28896774
15640032
227080237
222152201
85057978
83642913
486347346
482919262
482929042
170717206
126207488
26986745
15601865
294514841
251791816
197333880
167621941
165975457
121996810
49474831
33151282
54307237
414087461
378566295
134215177
262180929
24413773
24418961
24413926
38200856
24429542
33565115
32443133
31617341
568136993
566060467
557745591
557215157
152998555
127510935
388476123
487404488
485059680
484070370
16445344
126172257
170724370
160873126
157373141
119943794
117918459
114045513
113968346
113460149
238792443
30407142
33591071
126094052
3172140
238728078
62147714
85674274
33563952
24429552
24418971
24413764
32446259
15554382
559777720
566145303
566074858
565901400
565824541
565413740
564959807
564935079
564836209
560997440
551339973
551336819
560203662
550551562
537702564
558559164
558472896
557249309
550907046
550899076
550891592
550693667
550551950
550551483
550551395
550551299
549623669
549620394
549613231
549611734
549608081
549604541
549593853
549589219
549586003
148378011
537726905
537719622
537717457
537704355
537694883
148825133
71277742
532639196
532637444
532636932
532630430
532625505
532571423
56459112
501175419
487404640
487404535
486330980
484138216
484118820
484070516
484027866
483981097
483772528
483565461
483282470
481032912
484353247
484194422
484193624
484193018
484192066
484191164
484105653
483959378
520913581
485049874
484117030
484067496
519122008
254784273
134215694
134215686
134215664
156454657
56201386
28864530
28864524
28864516
37954709
22034294
24413728
10640575
10640244
31617663
32445670
159042556
567819728
566611103
562889824
562889822
562889816
562889814
551358037
498508406
550602381
548607325
255961454
73661309
211585052
485044483
484228212
191639869
110669657
126212629
374531848
134215654
134215631
157910316
358424803
358424787
1934604
374270668
374270667
374270666
373429464
190714218
53854915
222420101
208904
211639243
72493824
240248234
110319990
33572374
38199583
18378036
38200531
33563382
10639147
207023746
207023745
207023744
94317781
94317776
