575010525
575010309
575010104
574609217
574609170
574087276
571430855
571034069
514236628
514236615
514236605
514236593
569533080
537431002
436429286
436429281
320041712
569555425
569550126
569550062
569550058
569550048
569550040
568219222
565626629
544600294
549456455
519428573
519428498
484868227
410656186
216967777
410072519
557791910
472302154
557594895
557594889
557477689
557477679
557368455
555235250
554651929
514884065
514883893
514883823
514883663
514883648
556555307
555235185
553837014
555235253
550602065
152973416
546491665
545627010
512492521
544690526
542068234
542068220
542068194
522817870
537849609
532618596
532167720
394786193
397660804
530347728
530633265
530572997
530347473
498543263
380310083
380309794
380083232
57639934
513046067
513046066
394348876
402795761
525331527
525331525
378976153
378976151
378976146
378975985
378975832
378975690
512442353
521251660
521251616
521251546
521251386
521232454
519767740
519767731
519767716
519767705
519767691
519767675
519767666
519767654
519767646
519767639
519767609
519767589
519767570
519767562
519767537
519767498
519767481
519767440
519428742
410656449
324120092
305678726
152973731
152973607
515794078
440685415
402914504
402914465
511517435
511517432
511517426
386037709
442557558
414085913
410656033
510414824
510414812
510414800
510414793
510414792
510414783
510414762
510414720
506971239
498543479
488766714
484868307
480530104
480529939
474884493
471296046
435855473
435855463
435855460
435845064
435844954
435844840
412342123
410715604
410688707
410656566
410656441
410656428
410656386
410656369
410656260
410656048
410656026
410655949
410655843
410655790
410655751
410655585
380083665
302141556
300836939
297622181
294496685
291289198
291288912
270208397
216996016
215528069
211909938
211909932
209947514
209947511
209901144
209901056
209901031
206575481
206575367
190576837
190410169
189009163
165975434
38639526
19774233
152973836
152973830
508312903
508312692
508312482
508312350
508312100
508311686
508311352
508310205
508309904
508309191
508309073
508308861
508307938
508307346
508306913
485460042
32470129
32470123
20514397
11342748
499527235
448819157
493665398
493665175
419765836
419765727
419765640
419765594
419765586
480632398
479327147
479327067
469567118
460184332
440685606
407809840
451824560
410475189
410475064
442769982
442577759
442577757
442559578
441425353
378705671
440575516
440575351
440575233
429345463
429201127
429201046
410375234
408795221
411343026
411342923
411342766
429492487
428153292
404480273
404480038
410178779
406352863
410066874
409974861
281333463
281333459
281333457
407316741
407181581
407181579
397911945
397911940
377806473
405789843
326328196
373947299
365804153
365804147
365804142
365803989
365803828
365803686
339764631
345128596
397746968
397741511
397741465
397741378
397741269
397741219
396084255
150958618
150958612
150958513
150958389
150958208
206570572
206570325
394557614
393757381
363585319
386372240
378406451
374282195
391349178
210061212
297655328
389597887
385682449
323710468
296939581
383282204
383282202
381344354
381344352
363534041
359730342
363901757
363901715
380468303
380468301
380468299
380468297
380468295
380468293
380468291
380468289
149379938
105989968
3126908
369727477
323710467
374498840
358409925
370981692
370981682
359422634
305386784
347979219
347979217
347979215
347979203
347979201
347979199
347979197
347979187
345297182
356596024
356596017
327421851
357973845
307635284
347602110
344222656
344222654
344222652
344222650
344222648
344222646
344222644
344222642
344222640
344222638
344222636
344222634
344222632
344222630
336327549
343796808
343796806
343796804
343796802
343796800
343796798
343796796
343796794
343796792
343796790
343796788
343796786
343796784
343796782
343796780
343796778
343796776
343796774
343796772
343796770
343796768
343796766
343796764
343796762
343796760
340937393
338809155
337255608
337255605
336390240
336390229
336171072
336171070
336169634
16506517
329024835
326788100
326581988
326581986
327343029
325301871
324309927
324309925
312261321
57158258
323434958
323388220
315227436
56069564
52078045
211922742
211922733
299800913
299800888
299800878
223587484
37654377
37654375
37654373
37654371
27883541
27883540
23194361
20384782
18958443
18656789
17887486
14010288
14010286
14010284
14010282
14010280
14010278
14010276
14010274
14010272
14010270
14010268
14010266
14010264
14010262
14010260
14010258
14010256
14010254
14010252
12744476
12484390
11559816
11245764
11181543
10180985
9622142
4558518
2612977
1813675
238864101
238864099
238864097
238864095
238864093
238864091
238864089
238864087
238864085
238864081
238864077
238864073
238864067
238864065
238864063
238864059
302826879
299483201
288190943
288190941
288190939
288190937
288190935
288190933
288190931
288190929
288190927
288190925
288190923
288190921
288190919
288190917
288190915
288190913
288190911
226815139
183013550
169244664
147668551
145442192
226343634
161367443
161367441
161367439
155969969
155969964
155969960
151935548
117935926
307148809
300719508
308445269
296492000
300810980
299474760
296881203
296881197
296881193
296881185
296881179
289065757
260914786
260914783
260914780
257043832
254927427
254871270
254871268
254871265
254871260
254547200
238684876
237770117
237770104
224814349
221665303
218546433
217038355
209483440
208658721
197092208
189172074
187373286
187234332
186920237
184216086
184216078
184216070
184216062
184216053
171674361
170785720
170785713
168805276
167077404
167077390
167077380
165928586
164470425
156601478
156601465
151946854
151946847
151564268
146150962
115291393
114319152
114147191
114147177
110264421
94962063
63146061
62288197
51832630
49823163
40795472
38372160
32307207
32307201
31096323
21071086
19698424
14161935
9454102
5305737
151853
297787483
293339394
225579737
225579735
225579733
225579731
225579729
225579727
225579725
225579723
225579721
225579719
225579717
225579715
225579713
225579711
225579709
225579707
225579705
225579703
225579701
225579699
225579697
225579695
225579693
225579691
225579689
225579687
225579685
225579683
225579681
225579679
225579677
225579675
225579673
225579671
225579669
225579667
225579665
225579663
225579661
225579659
225579657
225579655
225579653
225579651
225579649
225579647
56181497
56181493
56159737
55824372
50593098
50235317
50235315
50235313
50235311
50235309
50235307
50235305
50235303
50235301
50235299
50235297
50235295
50235293
50235291
50235289
50235287
50235285
50235283
50235281
50235279
50235277
50235275
50235273
50235271
50235269
50235267
50235265
50235263
50235261
50235259
50235257
50235255
50235253
50235251
50235249
50235247
50235245
50235243
46277129
45181618
45181615
40888717
40548851
3873409
1836113
1699215
1184049
402806
152528
151860
149152
149048
206731403
6723708
290792160
290792044
37654369
31096325
31096321
29893407
17026329
10242337
238864027
238864025
238864023
238864019
238864013
238864011
238864001
238863993
238863985
238863979
238863977
238863973
238863961
238863957
238863955
238863953
238863951
238863937
238863935
238863923
238863913
238863905
238863903
238863899
238863895
5457153
4929008
4063494
259120753
256862203
256862199
256862197
256862195
77021907
56554772
124021055
281333461
94502904
94502889
94502879
94502876
94502872
94502833
94502831
94502829
94502824
94502817
94502815
94502810
94502808
94502805
94502803
94502801
83596432
78057321
68304560
56684452
56554770
56554768
56554766
56554764
51105116
51105114
51105112
51105110
51105108
51105106
51105102
51105100
51105098
51105094
51105092
40317279
38016624
37951600
33151169
24464502
24459265
19682873
19568070
19070666
18482388
13236847
12044259
11321257
10945347
255031061
215397943
215397949
85003006
211639217
211639211
255031064
209574213
209574188
209574095
210061216
210061214
149850134
149850107
76057238
76057217
76057193
76057179
58333803
56691992
56691986
171850704
160334344
169117962
169117960
111054506
125863283
151368170
125987971
125987969
146265559
126506738
126506736
126506734
126506732
126506730
121485035
110672125
4138114
94502885
94502883
112785123
112785117
58700486
58700481
58700478
86161304
76057168
85003008
58333817
84380854
82393679
77745433
74058440
74058436
69139105
4775488
4775481
43789
43774
7328114
5419924
2950205
50789199
50789194
43809
24459264
7328187
7328186
7328185
7328184
7328183
7328182
7328181
7328180
7328119
24459261
14330657
11761377
473725
43902
43901
